4294967294,0
4294967279,43
4294967278,219
4294967279,340
4294967279,42
4294967279,41
4294967279,40
4294967279,39
4294967279,38
4294967279,36
4294967279,35
4294967279,34
4294967279,33
4294967279,32
4294967279,30
4294967279,29
4294967279,27
4294967279,26
4294967279,25
4294967279,24
4294967279,20
4294967279,19
4294967279,17
4294967279,16
4294967279,15
4294967279,14
4294967279,13
4294967279,12
4294967279,9
4294967278,307
4294967279,0
4294967278,370
4294967294,5
4294967278,203
4294967278,202
4294967278,415
4294967278,346
4294967278,301
4294967278,380
4294967294,7
4294967278,290
4294967278,266
4294967278,132
4294967278,131
4294967278,130
4294967278,129
4294967278,128
4294967278,313
4294967278,127
4294967278,317
4294967278,126
4294967278,312
4294967278,125
4294967278,124
4294967278,356
4294967278,123
4294967278,122
4294967278,355
4294967278,121
4294967278,120
4294967278,119
4294967278,118
4294967278,117
4294967278,299
4294967278,116
4294967278,331
4294967278,115
4294967278,416
4294967278,114
4294967278,113
4294967278,249
4294967278,112
4294967278,111
4294967278,396
4294967278,110
4294967278,109
4294967278,108
4294967278,107
4294967278,106
4294967278,316
4294967278,105
4294967278,325
4294967278,104
4294967278,103
4294967278,231
4294967278,102
4294967278,101
4294967278,100
4294967278,99
4294967278,98
4294967278,97
4294967278,96
4294967278,95
4294967278,94
4294967278,292
4294967278,93
4294967278,92
4294967278,91
4294967278,90
4294967278,89
4294967278,87
4294967278,86
4294967278,291
4294967278,85
4294967278,84
4294967278,83
4294967278,247
4294967278,80
4294967278,304
4294967278,79
4294967278,77
4294967278,289
4294967278,76
4294967278,75
4294967278,252
4294967278,74
4294967278,73
4294967278,72
4294967278,367
4294967278,71
4294967278,70
4294967278,69
4294967278,68
4294967278,337
4294967278,67
4294967278,379
4294967278,66
4294967278,336
4294967278,65
4294967278,271
4294967278,64
4294967278,63
4294967278,62
4294967278,61
4294967278,60
4294967278,260
4294967278,0
4294967278,347
4294967279,80
4294967279,278
4294967279,344
4294967279,274
4294967279,75
4294967279,523
4294967279,240
4294967279,65
4294967279,64
4294967279,522
4294967279,63
4294967279,62
4294967279,568
4294967279,59
4294967279,58
4294967279,308
4294967279,56
4294967279,51
4294967279,268
4294967279,50
4294967279,328
4294967279,521
4294967279,46
4294967279,519
4294967279,314
4294967279,295
4294967279,539
4294967279,327
4294967279,37
4294967279,238
4294967279,31
4294967279,28
4294967279,534
4294967279,23
4294967279,556
4294967279,22
4294967279,21
4294967279,260
4294967279,226
4294967279,18
4294967279,325
4294967279,555
4294967279,348
4294967279,335
4294967279,11
4294967279,514
4294967279,10
4294967279,573
4294967279,552
4294967279,8
4294967279,267
4294967279,7
4294967279,6
4294967279,5
4294967279,4
4294967278,82
4294967278,306
4294967279,299
4294967278,81
4294967278,298
4294967294,30
4294967294,164
4294967294,46
4294967294,387
4294967294,388
4294967294,165
4294967294,81
4294967294,1101
4294967294,93
4294967294,95
4294967278,193
4294967278,192
4294967279,192
4294967294,50
4294967294,436
4294967294,180
4294967294,175
4294967294,501
4294967294,1016
4294967294,27
4294967294,160
4294967294,168
4294967294,162
4294967294,106
4294967294,166
4294967294,24
4294967294,384
4294967294,22
4294967294,17
4294967294,41
4294967294,120
4294967294,1
4294967294,25
4294967294,444
4294967294,26
4294967294,67
4294967294,1098
4294967294,82
4294967294,1419
4294967294,83
4294967294,11
4294967294,68
4294967278,78
4294967278,215
4294967279,78
4294967279,290
4294967294,6
0,5
4294967278,190
4294967278,391
1041,6
1041,5
4294967279,355
4294967279,354
1041,4
1041,3
1041,2
1041,1
1039,7
4294967279,517
4294967278,388
1039,6
1039,5
1039,4
1039,3
1039,2
1039,1
4294967278,387
1036,6
1036,5
1036,4
1036,3
1036,2
1036,1
4294967278,386
4294967278,385
4294967279,353
4294967279,352
1033,7
1033,6
1033,5
1033,4
1033,3
1033,2
1033,1
4294967278,384
4294967279,572
4294967279,351
1029,4
1029,3
1029,2
1029,1
1028,4
1028,3
1028,2
1028,1
4294967294,1422
1027,4
1027,3
1027,2
1027,1
4294967294,1425
4294967294,1424
1026,5
1026,4
1026,3
1026,2
1026,1
1024,4
1024,3
1024,2
1024,1
1023,6
1023,5
1023,4
1023,3
1023,2
1023,1
1022,5
1022,4
1022,3
1022,2
1022,1
1021,5
1021,4
1021,3
1021,2
1021,1
1020,5
1020,4
1020,3
1020,2
1020,1
1018,4
